-322.22974
447.87057
-335.09863
422.64084 
-305.46637 
422.97946 
-307.66763 
281.92987 
-363.88425 
228.93044 
-329.98264 
121.64817 
-309.50836 
52.682278 
-339.56122 
52.562546 
-351.41473 
70.522415 
-399.42746 
80.460205 
-385.53848 
83.57325 
-399.18796 
69.564552 
-464.80136 
76.868233 
-392.96188 
52.682278 
-371.64951 
-5.6274252 
-275.74384 
-50.527092 
-267.87573 
42.501141 
-227.40649 
-10.498289 
-237.05815 
-59.603191 
-246.03249 
-113.27993 
-298.35461 
-167.8033 
-264.31985 
-197.60489 
-161.70752 
-177.45496 
-169.15793 
-156.45837 
-176.439 
-68.238884 
-183.38141 
3.5558722 
-263.64252 
106.16819 
-193.54105 
100.91904 
-100.24173 
84.324974 
-128.68871 
-120.89966 
-56.893955 
-169.49658 
-51.644814 
-206.91791 
18.625998 
-197.94356 
70.609467 
-140.88026 
90.59008 
-44.533066 
27.092358 
52.15279 
-133.5992 
222.32668 
-146.63739 
421.45554 
-146.63739 
467.8512 
-181.01083 
503.07126 
-83.816994 
504.59518 
-72.133408 
497.48346 
-92.960663 
474.28561 
-59.264538 
309.86887 
10.328962 
172.71379 
-13.038198 
216.73888 
17.271379 
310.88483 
96.68586 
372.35062 
45.887688 
417.561 
83.986313 
456.50626 
120.22234 
478.18015 
123.60889 
519.32666 
161.70752 
504.93387 
198.62086 
459.04617 
120.22234 
418.069 
104.13626 
240.27536 
128.68871 
241.29132 
182.19612 
273.4635 
273.9715 
163.57011 
382.34094 
273.12488 
251.11232 
273.29416 
359.65106 
273.9715 
329.50369 
392.96188 
325.19333 
460.49097 
419.54248 
450.194 
422.17661 
470.30905 
398.70905 
485.87427 
359.91571 
501.20001 
306.51508 
491.8609 
434.49371 
327.30957 
446.51596 
343.22632 
514.92413 
325.6163 
511.19894 
419.25427 
446.85458 
474.28561 
408.24802 
506.28848 
464.12601 
516.44812 
521.18927 
494.77423 
434.49371 
67.730896 
532.70355 
154.76511 
541.84717 
46.903648 
543.03247 
204.20866 
560.64252 
283.45383 
542.01654 
300.21719 
555.05475 
43.855759 
552.17615 
161.03023 
504.25656 
-75.858604 
408.41733 
-132.41391 
257.88541 
-98.040474 
263.30386 
-143.75882 
149.00798 
114.12656
